#lr  (1)      seed    (2)        max-epoch  (3)    esd-interval (4)       optim (5)          n_layer (6)        max-iter (7)     n_head (8)  eps (9)   batch_size (10)  block_length  (11)    
0.002               51               200                200              adam                     3             40000            1    1e-4     120            4             
0.002               13               200                200              adam                     3             40000            1    1e-4     120            4             
0.002               71               200                200              adam                     3             40000            1    1e-4     120            4             
0.002               37               200                200              adam                     3             40000            1    1e-4     120            4             
0.002               43               200                200              adam                     3             40000            1    1e-4     120            4             
0.001               51               200                200              adam                     3             40000            1    1e-4     120            4             
0.001               13               200                200              adam                     3             40000            1    1e-4     120            4             
0.001               71               200                200              adam                     3             40000            1    1e-4     120            4             
0.001               37               200                200              adam                     3             40000            1    1e-4     120            4             
0.001               43               200                200              adam                     3             40000            1    1e-4     120            4             
0.0005               51               200                200              adam                     3             40000            1    1e-4     120            4            
0.0005               13               200                200              adam                     3             40000            1    1e-4     120            4            
0.0005               71               200                200              adam                     3             40000            1    1e-4     120            4            
0.0005               37               200                200              adam                     3             40000            1    1e-4     120            4            
0.0005               43               200                200              adam                     3             40000            1    1e-4     120            4            
0.00025               51               200                200              adam                     3             40000            1    1e-4     120            4            
0.00025               13               200                200              adam                     3             40000            1    1e-4     120            4            
0.00025               71               200                200              adam                     3             40000            1    1e-4     120            4            
0.00025               37               200                200              adam                     3             40000            1    1e-4     120            4            
0.00025               43               200                200              adam                     3             40000            1    1e-4     120            4            
0.000125               51               200                200              adam                     3             40000            1    1e-4     120            4           
0.000125               13               200                200              adam                     3             40000            1    1e-4     120            4           
0.000125               71               200                200              adam                     3             40000            1    1e-4     120            4           
0.000125               37               200                200              adam                     3             40000            1    1e-4     120            4           
0.000125               43               200                200              adam                     3             40000            1    1e-4     120            4           
0.0000625               51               200                200              adam                     3             40000            1    1e-4     120            4         
0.0000625               13               200                200              adam                     3             40000            1    1e-4     120            4         
0.0000625               71               200                200              adam                     3             40000            1    1e-4     120            4         
0.0000625               37               200                200              adam                     3             40000            1    1e-4     120            4         
0.0000625               43               200                200              adam                     3             40000            1    1e-4     120            4         
0.00125               51               200                200              adam                     3             40000            1    1e-4     120            4            
0.00125               13               200                200              adam                     3             40000            1    1e-4     120            4            
0.00125               71               200                200              adam                     3             40000            1    1e-4     120            4            
0.00125               37               200                200              adam                     3             40000            1    1e-4     120            4            
0.00125               43               200                200              adam                     3             40000            1    1e-4     120            4            
0.0025               51               200                200              adam                     3             40000            1    1e-4     120            4            
0.0025               13               200                200              adam                     3             40000            1    1e-4     120            4            
0.0025               71               200                200              adam                     3             40000            1    1e-4     120            4            
0.0025               37               200                200              adam                     3             40000            1    1e-4     120            4            
0.0025               43               200                200              adam                     3             40000            1    1e-4     120            4            
0.005               51               200                200              adam                     3             40000            1    1e-4     120            4            
0.005               13               200                200              adam                     3             40000            1    1e-4     120            4            
0.005               71               200                200              adam                     3             40000            1    1e-4     120            4            
0.005               37               200                200              adam                     3             40000            1    1e-4     120            4            
0.005               43               200                200              adam                     3             40000            1    1e-4     120            4            